   -0.11099488
    0.01661058
   -0.05471186
    0.00488381
    0.01634520
   -0.04488262
    0.06964303
   -0.00186838
   -0.02913536
   -0.05419932
    0.14170098
   -0.27498568
    0.08474452
   -0.06911679
    0.00764658
   -0.17823363
    0.00831846
   -0.00001067
   -0.10760285
    0.05900365
   -0.06238849
   -0.03290623
   -0.05337634
    0.08674356
   -0.15632887
    0.06222794
   -0.15460415
    0.00026471
    0.00806471
   -0.06826343
   -0.03840996
   -0.30112599
    0.12501261
   -0.05929989
    0.04950168
    0.04951449
    0.04657084
    0.04264468
    0.04234518
    0.02612356
    0.06402391
    0.04661704
    0.02976665
    0.02824945
    0.06263313
    0.04215633
    0.01182580
    0.05107002
    0.01982717
    0.04065054
    0.04598181
    0.03455161
    0.04875204
    0.05147826
    0.06196186
    0.05740759
    0.03296743
    0.03891960
    0.02255911
    0.02876656
    0.03012318
    0.05424554
