           2           1   1.02764185478347     
           3           2   1.26125328790512     
           4           3   1.58663120578781     
           5           4   1.20103476435310     
           6           5   1.20985285158017     
           7           6   1.44066893271119     
           8           7   1.08160403621709     
           9           8   1.35197371954993     
          10           9   1.49176825180193     
          11          10   1.33833614756741     
          12          11   1.06042403904972     
          13          12  0.971341872465965     
          14          13   1.00231124748099     
          15          14   1.00182392590658     
          16          15   1.00125747358280     
          17          16   1.00579200506780     
          18          17  0.995509222150567     
          19          18  0.997811913386602     
          20          19   1.13149676407791     
          21          20   1.34625585399748     
          22          21   1.45166515638897     
          23          22   1.42700319315567     
          24          23   1.38641467088733     
          25          24  0.983605575075884     
          26          20   1.31093707706400     
          26          24   1.38985639104032     
          27          26  0.977863816257355     
          28          19  0.982057543717759     
          29          16   1.00482804832147     
          29          28   1.00057525531511     
          30          11   1.36860049187269     
          31           8   1.38453475181954     
          31          30   1.45131792026635     
          32           7   1.29062175443294     
          33           5   1.07409103240255     
          33          32   1.43032470406082     
          34           2   1.53878179188614     
          34          33   1.25944530757524     
          35           1  0.971411577676862     
          36           1  0.971379476429904     
          37           1  0.985467029155400     
          38           3  0.968705586389459     
          39           4  0.963616101362343     
          40           6  0.968674712751450     
          41           9  0.965336655571041     
          42          10  0.967845008450283     
          43          13  0.966813460496412     
          44          13  0.966425713449796     
          45          14  0.974650900022693     
          46          14  0.971253964436590     
          47          15  0.964823764649793     
          48          15  0.970888243008878     
          49          17  0.963440875967268     
          50          17  0.970924064372523     
          51          18  0.971573652831365     
          52          18  0.963316049979506     
          53          21  0.965112972237383     
          54          22  0.968182358265620     
          55          23  0.966516994981682     
          56          28  0.967140610901394     
          57          28  0.962921934142405     
          58          29  0.968731344174083     
          59          29  0.961312378567951     
          60          30  0.966343353387426     
          61          31  0.968922085680074     
          62          34  0.964296708870909     
